-0.812528795297424
-1.76045560730495
-0.721419813241036
-1.55240109923031
-0.636877996654154
-0.919839880924987
0.797282493282169
-0.827546870630777
0.781535336844189
-1.46451393135592
0.771120970242473
-1.75137002425172
-0.817135296119286
-1.77162280607393
-0.747966527747353
-1.55780178093992
-0.643533795950821
-0.92212431968681
0.805753331403062
-0.834441902048156
0.782477676644525
-1.5208704440722
0.785369430352739
-1.75532090993029
-0.794204489200786
-1.77412355591002
-0.723093141734927
-1.57580445060083
-0.636590444528386
-0.936007397156647
0.836210473106528
-0.847010293297085
0.821736412700572
-1.49438782750883
0.816893837015635
-1.78422588953136
-0.771497521477891
-1.75479615110921
-0.72108685094244
-1.56377932807911
-0.624934882277729
-0.940021773191016
0.845803572580774
-0.844971780064335
0.821021818051058
-1.46855852847564
0.81628405863939
-1.76517787827358
-0.729867728760779
-1.73979901905613
-0.69217302766214
-1.5510823384864
-0.620028025453414
-0.930114052987237
0.845904096081714
-0.803858269101557
0.784944506334345
-1.27577374834932
0.770487502295254
-1.52308141222019
-0.711555156956322
-1.72299561249286
-0.664106911154388
-1.5372111233354
-0.614245246058377
-0.917708465147088
0.892599019932584
-0.570548925754555
0.74262254374243
-0.777977983656265
0.70594237279609
-0.914876684635339
-0.707671544066063
-1.75827898284637
-0.663511228932865
-1.56641718993514
-0.623058493191161
-0.940626398513903
1.02319520675931
-0.484068819327728
0.831682743370281
-0.474246707415926
0.725861377383179
-0.366928934418508
-0.739732049973904
-2.1063528390264
-0.686379619133714
-1.87931404029363
-0.646844191638537
-1.13175721651122
1.07805456863455
-0.383379474596888
0.86044827894416
-0.0373571584389198
0.873801234888252
0.00548263851489271
-0.73185245575233
-2.04875079110228
-0.67717248200568
-1.83158034517523
-0.637287545395241
-1.11560080111545
1.11702548307506
-0.356233721187602
0.879869227174262
-0.0233388064199182
0.875698449056924
-0.0182498942986955
-0.745909030918403
-2.02889046008328
-0.681245140057696
-1.8143201054688
-0.626651204819671
-1.10197911552102
1.10069503615295
-0.351818808369701
0.926057312959316
-0.019848699546084
0.880829049031972
0.0144019224506525
-0.79461678001002
-2.05288613576782
-0.719395226180203
-1.83247249031557
-0.628802571905806
-1.09273623286958
1.08639592299955
-0.347918622178925
0.923920057360728
0.00702679407075812
0.889791449506291
0.0852154259283596
-0.783844673637702
-1.99589229968244
-0.742980126080471
-1.71539743743622
-0.623381938376451
-1.03217593500439
1.07725869788429
-0.408292387035293
0.960618493268743
-0.129318779792768
0.921738405935497
-0.0363275773785932
-0.765735066389128
-1.86128006091746
-0.698112874474223
-1.65988775143148
-0.621941369910934
-1.00245727449945
1.04440396496938
-0.471324976720998
0.930274885738625
-0.229167795898525
0.917800161617947
-0.206318542339415
-0.750439872696243
-1.84398478372752
-0.692296490195236
-1.64853231606864
-0.620260866487715
-0.994017735262897
1.06297820564702
-0.542327000682286
0.939555033617372
-0.321330856438632
0.937236625565878
-0.317831706691421
-0.74553547602899
-1.83111678982665
-0.68249926353053
-1.63932246350226
-0.61089755842192
-0.982156538010597
0.955144154532151
-0.553616136788704
0.927692406571938
-0.906124436200059
0.885733149974577
-1.13679085393282
-0.731755752508026
-1.81774664127652
-0.677870543412042
-1.62628394248452
-0.60594337924977
-0.975697750396243
0.931667362353909
-0.755279122495108
0.910087652686661
-1.35290498315401
0.897863531435327
-1.6370820389655
-0.726149696105731
-1.80760868211768
-0.67132444462422
-1.61604480153824
-0.605529337062947
-0.970946138453065
0.909262674736116
-0.811095622920969
0.909771050170455
-1.5936862216613
0.869709329309173
-1.87988744689954
-0.731023635867144
-1.79955498166629
-0.677135327053066
-1.60910948807938
-0.60947815857713
-0.967617218365475
0.898649300862379
-0.840220809316743
0.893018471446507
-1.57980215243592
0.824041612116026
-1.87997504488949
-0.740333242785971
-1.78860825788693
-0.686634373498369
-1.59989511949535
-0.616304252740131
-0.960078903266042
0.880664139507284
-0.859485196784292
0.899839972560797
-1.53921359042878
0.82717668946099
-1.8396420581975
-0.731466297883828
-1.77298204820764
-0.687923786035622
-1.56554213653184
-0.620094380160647
-0.935151043120438
0.85016040218859
-0.850047793567172
0.867397624746739
-1.51389714893164
0.906153830281426
-1.71301697496235
-0.738860440107594
-1.78044375114591
-0.685146952642561
-1.56662231998082
-0.624374380616319
-0.937619832558414
0.84806078873035
-0.85401948503824
0.863343169942374
-1.51370016113098
0.880125528297946
-1.76008034139976
-0.735647295768011
-1.7562357564752
-0.682297006907314
-1.56011035150736
-0.623359421514013
-0.933719028949768
0.846805555664424
-0.847741700580476
0.869162477790721
-1.4841525154483
0.879700758701502
-1.7354848482885
-0.73868059165031
-1.7414670426827
-0.681610931333594
-1.55737011371007
-0.623832776524718
-0.931177388000963
0.848828580122825
-0.839325403897806
0.869303424838209
-1.4656716067364
0.87511077063221
-1.71882974863977
-0.73963684065711
-1.72934925788632
-0.681942476999235
-1.55180876929975
-0.624200477353506
-0.926921887463824
0.844911766482815
-0.830635402523741
0.864489946244893
-1.45521090765857
0.869655968785818
-1.70657186207963
-0.751342735085609
-1.73556700563279
-0.686197102938784
-1.5576504702369
-0.62564775734138
-0.929777102206272
0.848205071389358
-0.828644095925243
0.865719773675904
-1.45590917390994
0.870688956514129
-1.70811240398771
-0.770911944794857
-1.74525380682636
-0.694724725365525
-1.56616425597095
-0.626587196861088
-0.93763900356463
0.85267442229664
-0.835081031461971
0.857985257814065
-1.53181786129687
0.874506018355356
-1.7238175980746
-0.809454224806073
-1.76182138644593
-0.734360971559172
-1.58458993183677
-0.627357355217553
-0.942117375108585
0.853815543781341
-0.833039257596255
0.86197080658538
-1.53703001276959
0.875776220171123
-1.72234130437754
-0.798249712207149
-1.76155504751594
-0.723293304745945
-1.58464675676948
-0.626647292062416
-0.944913493350854
0.853858153488634
-0.832153433661569
0.86337084345507
-1.53846391882881
0.878676569681258
-1.72646215865236
-0.781887867131895
-1.77556124279869
-0.703678147261152
-1.58241007613236
-0.627081654102747
-0.948725271486943
0.854465055884898
-0.834150998491829
0.870142155023503
-1.50709587503661
0.889992707799804
-1.72739632948429
-0.78106212495353
-1.85240890607048
-0.702226619538392
-1.58084877814124
-0.625861814358979
-0.949251592109711
0.856124956782363
-0.834695816976
0.874270688199158
-1.49533902964263
0.89667988080239
-1.72591033112406
-0.767916534089125
-1.83911751145197
-0.699789195109993
-1.57427316674235
-0.62730374550732
-0.946971387603664
0.855006788097136
-0.832561470763154
0.872748641352364
-1.5282760843479
0.897378683915769
-1.7181605436879
-0.781461606599608
-1.8468855493395
-0.707349752217485
-1.5842151548054
-0.637308300434237
-0.951234651886384
0.85770535100644
-0.839963061100409
0.872165133809351
-1.56409843912418
0.897055038853912
-1.73714973528281
