-0.7738387902834998
-1.6766283796822203
-0.6870681245956841
-1.4784807573784788
-0.6065519171029825
-0.8760400675387204
-0.6065519171029825
-0.8760400675387204
0.7593184680794565
-0.7881417532253785
0.7443211405276237
-1.394778493455062
0.7443211405276237
-1.6679754228398007
-0.8593209097240289
-1.8628780701536165
-0.7826647557830944
-1.6388182436619632
-0.6762259485077551
-0.9702411911639699
-0.6762259485077551
-0.9702411911639699
0.8466623208820844
-0.8771367188632612
0.8234824346241183
-1.5910066707513555
0.8234824346241183
-1.8469841126896727
-0.8409545002602077
-1.863998977291149
-0.7684834904103677
-1.6509858194197957
-0.671179892386128
-0.9797240306660162
-0.671179892386128
-0.9797240306660162
0.870851469504986
-0.8869443159203978
0.852664212590434
-1.5815261606870055
0.852664212590434
-1.866863073814799
-0.8126086707072724
-1.8378133273983328
-0.7556100381881319
-1.6355556313945225
-0.6564702339064816
-0.978929181312841
-0.6564702339064816
-0.978929181312841
0.8800103607235134
-0.8827667073311145
0.8571107275820222
-1.547903570101198
0.8571107275820222
-1.8481307137231466
-0.7732786487165078
-1.8115983199220809
-0.730665881507658
-1.6160557266090687
-0.6449851200739694
-0.9697546045692897
-0.6449851200739694
-0.9697546045692897
0.8811921166527438
-0.8540838768869469
0.8350958245687446
-1.4152731986113978
0.8350958245687446
-1.6926937032339904
-0.7424561364517517
-1.7864505115644917
-0.7021041219616672
-1.5960400357490732
-0.6351179331117783
-0.9568463722941455
-0.6351179331117783
-0.9568463722941455
0.9038723161677138
-0.7178038499476029
0.8000373037828723
-1.0880186770421372
0.8000373037828723
-1.2961182714223918
-0.7227559822273134
-1.786482010149505
-0.6848578456910102
-1.5962542937962745
-0.6329850712111641
-0.958806210954504
-0.6329850712111641
-0.958806210954504
0.9754994345507757
-0.598567237006355
0.8195399264892741
-0.7594289872237638
0.8195399264892741
-0.8153892428267113
-0.7239745126070462
-1.9294623716466999
-0.6835216165555544
-1.7247536411028703
-0.6412527795939134
-1.038373692034522
-0.6412527795939134
-1.038373692034522
1.0416888491690273
-0.4834144672189391
0.8432502792891514
-0.37716454042792114
0.8432502792891514
-0.36539753373502853
-0.7221784531581932
-2.0014629642275303
-0.6792919184444607
-1.790866986789273
-0.6429446358799976
-1.0843051128228034
-0.6429446358799976
-1.0843051128228034
1.0985740890584335
-0.39881039729545703
0.8657982452538427
-0.12481173415542408
0.8657982452538427
-0.0842844042675304
-0.4667377979899513
-1.337099175103321
-0.6778994352538114
-1.8289457809833563
-0.6402163226884706
-1.1102637805154896
-0.6402163226884706
-1.1102637805154896
1.1304332558877117
-0.34108966803730456
0.8968980200614056
0.043388564290497894
0.8968980200614056
0.11198186882983104
-0.5407811038228185
-1.5225328678780015
-0.6893696666891486
-1.8602612504748761
-0.6387712143021754
-1.1246563747604492
-0.6387712143021754
-1.1246563747604492
1.1467156984183104
-0.30101045100372004
0.9178817447676361
0.16450202353500323
0.9178817447676361
0.2655479299153093
-0.5943747092242463
-1.6454542493465534
-0.7051399223661501
-1.8459802998632104
-0.6359126152179327
-1.1156458655646406
-0.6359126152179327
-1.1156458655646406
1.1540313840290368
-0.2923823158816336
0.9437585822647241
0.2042319358235761
0.9437585822647241
0.3319002630696939
-0.6312780559890037
-1.7016803163538752
-0.7042929669279775
-1.8172045979583997
-0.6332044754226813
-1.0989893574232714
-0.6332044754226813
-1.0989893574232714
1.1482561922356083
-0.3066768657223454
0.95385601458956
0.19710958914966287
0.95385601458956
0.3229389673448316
-0.6566816908102926
-1.741098017541398
-0.7019617534275646
-1.7899595079158408
-0.6305459424750066
-1.0825967003544164
-0.6305459424750066
-1.0825967003544164
1.1470014036987468
-0.33983999790364794
0.9632463461874533
0.1580108821413478
0.9632463461874533
0.27510495189250533
-0.6761034850865578
-1.7689664307630653
-0.6974724993804159
-1.7644848210930986
-0.6259158643780708
-1.0655406039753081
-0.6259158643780708
-1.0655406039753081
1.116067230609893
-0.37150269497966276
0.9665733953850618
-0.03407539193641107
0.9665733953850618
0.012847051340511173
-0.6886179084410501
-1.787738091212567
-0.6926264075035029
-1.7394679779004578
-0.6208812763353088
-1.0493744186070015
-0.6208812763353088
-1.0493744186070015
1.0835635133145005
-0.45007868325716793
0.9637706633592864
-0.30931544447373566
0.9637706633592864
-0.33431154856540485
-0.6976371579385061
-1.8000723222517658
-0.6870352183308693
-1.7155708163606402
-0.6166505452649134
-1.0343781485318864
-0.6166505452649134
-1.0343781485318864
1.0501709757290856
-0.5298341987621831
0.9603876913839057
-0.5992434913430031
0.9603876913839057
-0.684735318855376
-0.7063163849713359
-1.8076869330937724
-0.6838195080685086
-1.693458618013937
-0.6141273500684955
-1.0207251396548256
-0.6141273500684955
-1.0207251396548256
1.01900912779603
-0.6038984091004582
0.952633917562114
-0.8390994073786803
0.952633917562114
-0.9785312633526486
-0.715730950880642
-1.8107365806385365
-0.683439775874048
-1.6723807663062378
-0.6136957906463031
-1.0072508873991242
-0.6136957906463031
-1.0072508873991242
0.9880919557000595
-0.6706687423455502
0.9468970755809162
-1.0304950625068043
0.9468970755809162
-1.2150405158363244
-0.7215045576922751
-1.808908283117702
-0.6835258352764644
-1.6464443964269773
-0.6143082209236617
-0.9899614552991255
-0.6143082209236617
-0.9899614552991255
0.9546375394438372
-0.7243758554771633
0.9338071861394537
-1.184051115293475
0.9338071861394537
-1.382559142946264
-0.7279014178483078
-1.8083075064400262
-0.6830653731086374
-1.6246721730921445
-0.61590868994514
-0.9758272467897162
-0.61590868994514
-0.9758272467897162
0.9257491192202663
-0.7698306294047655
0.9211178750052335
-1.3106169382595483
0.9211178750052335
-1.5307489964420595
-0.7323922079933881
-1.8016094343338522
-0.6821143593800797
-1.604876859549544
-0.6171320273032718
-0.9630373434995968
-0.6171320273032718
-0.9630373434995968
0.9011488891745588
-0.8056753696306083
0.9111525444276628
-1.4068659876768121
0.9111525444276628
-1.6455022277930291
-0.7366386536739612
-1.7918875088441153
-0.6812281693072553
-1.5877648172428471
-0.6183496097840809
-0.9517960592402585
-0.6183496097840809
-0.9517960592402585
0.8811467856851384
-0.8326033661626704
0.9023697134362965
-1.479164882454131
0.9023697134362965
-1.7328621554330952
-0.7401974415253981
-1.7802743946423993
-0.680626985752638
-1.5724447314197465
-0.6195223147454763
-0.9415786377830325
-0.6195223147454763
-0.9415786377830325
0.8639082375886908
-0.8516750634247625
0.8935967225730986
-1.5324295756334927
0.8935967225730986
-1.797369778855906
-0.745574528884045
-1.77129254972548
-0.6811542918349617
-1.561327268684233
-0.6208837288185186
-0.9339055868065538
-0.6208837288185186
-0.9339055868065538
0.8507750243107322
-0.8654357323639393
0.886285217806192
-1.5717692824982477
0.886285217806192
-1.845243348719541
-0.7542984396088038
-1.7655268455007034
-0.6836173139886734
-1.5545200494217462
-0.6222808160800939
-0.9296100096294242
-0.6222808160800939
-0.9296100096294242
0.8415265453424852
-0.8765431062990654
0.8783153788894865
-1.616152275177976
0.8783153788894865
-1.8821329791829005
-0.7701741379107271
-1.7642153535022966
-0.6947312726990748
-1.5536982232639478
-0.6236559415488888
-0.9275054364700791
-0.6236559415488888
-0.9275054364700791
0.8349177686747407
-0.8835552505865621
0.8724685622717462
-1.649416302358199
0.8724685622717462
-1.9060439297500726
-0.7810625540193032
-1.763072014037608
-0.7019667024026441
-1.5539296087990266
-0.6246658003650648
-0.9269053281154206
-0.6246658003650648
-0.9269053281154206
0.8303250187529596
-0.8873954730293706
0.8679567615467667
-1.6724243453096659
0.8679567615467667
-1.9204239146881512
-0.7863162909676432
-1.7652846691447945
-0.7037721731351488
-1.554461275598595
-0.6256016529378339
-0.9277954405607296
-0.6256016529378339
-0.9277954405607296
0.8275527774083111
-0.8892867302496117
0.8658483733445399
-1.6795114997848135
0.8658483733445399
-1.9263960612708793
-0.7900831532176771
-1.7845231087410705
-0.704844526479768
-1.5553019056573825
-0.6260952328326942
-0.9291868641123086
-0.6260952328326942
-0.9291868641123086
0.8265241210537535
-0.889340447292913
0.8652584220728091
-1.6775703647241824
0.8652584220728091
-1.9251532262763487
-0.7898054082487597
-1.7983582767468331
-0.7050567262054905
-1.5551914152133286
-0.6267950014759273
-0.9303141775704202
-0.6267950014759273
-0.9303141775704202
0.8263005967758796
-0.8873800509063088
0.8647106633347177
-1.6783714811881982
0.8647106633347177
-1.9168965487798397
-0.7920173788370347
-1.8119694395386543
-0.7067701041869632
-1.5578676529005502
-0.6295958278675164
-0.9326093687408354
-0.6295958278675164
-0.9326093687408354
0.8275330165047475
-0.8859905292889412
0.8643790563255196
-1.6828411527331812
0.8643790563255196
-1.909208045754737
